flowermd.base.simulation.Simulation.timestep flowermd.base.simulation.Simulation.tps md.compute.ThermodynamicQuantities.kinetic_temperature md.compute.ThermodynamicQuantities.potential_energy md.compute.ThermodynamicQuantities.kinetic_energy md.compute.ThermodynamicQuantities.volume md.compute.ThermodynamicQuantities.pressure md.pair.LJ.energy md.bond.Harmonic.energy md.angle.Harmonic.energy md.dihedral.Periodic.energy
                     0                                       0.00000                                        2.08802                                             5.53425e+07                                         109.62116                                    1.00000e+03                                  0.07308                      5.53425e+07           12.20372               1.24545e-05                  5.80175          
                    1000                                   5.66722e+03                                      0.96371                                             7.75733e+04                                         50.59494                                     1.00000e+03                                 313.95527                     7.75563e+04           10.78724                 0.37413                    5.80335          
                    2000                                   1.04656e+04                                      0.27382                                             4.32227e+04                                         14.37558                                     1.00000e+03                                 175.60355                     4.32039e+04           12.63089                 0.38578                    5.80417          
                    3000                                   1.40083e+04                                      0.13026                                             3.05597e+04                                          6.83890                                     1.00000e+03                                 124.50825                     3.05395e+04           14.00850                 0.39208                    5.80450          
                    4000                                   1.75006e+04                                      0.07675                                             2.38561e+04                                          4.02929                                     1.00000e+03                                 97.42022                      2.38348e+04           15.13156                 0.39617                    5.80492          
                    5000                                   2.04983e+04                                      0.05088                                             1.96696e+04                                          2.67099                                     1.00000e+03                                 80.48217                      1.96473e+04           16.09069                 0.39916                    5.80542          
                    6000                                   2.31355e+04                                      0.03635                                             1.67911e+04                                          1.90818                                     1.00000e+03                                 68.82347                      1.67679e+04           16.93391                 0.40150                    5.80594          
                    7000                                   2.55482e+04                                      0.02735                                             1.46828e+04                                          1.43566                                     1.00000e+03                                 60.27584                      1.46589e+04           17.69008                 0.40341                    5.80649          
                    8000                                   2.77033e+04                                      0.02137                                             1.30679e+04                                          1.12194                                     1.00000e+03                                 53.72235                      1.30433e+04           18.37809                 0.40502                    5.80705          
                    9000                                   2.96956e+04                                      0.01719                                             1.17888e+04                                          0.90260                                     1.00000e+03                                 48.52706                      1.17636e+04           19.01101                 0.40641                    5.80762          
                   10000                                   3.14501e+04                                      0.01415                                             1.07491e+04                                          0.74299                                     1.00000e+03                                 44.30038                      1.07233e+04           19.59835                 0.40763                    5.80820          
                   11000                                   3.29321e+04                                      0.01187                                             9.88615e+03                                          0.62306                                     1.00000e+03                                 40.78980                      9.85979e+03           20.14722                 0.40872                    5.80878          
                   12000                                   3.41845e+04                                      0.01011                                             9.15776e+03                                          0.53057                                     1.00000e+03                                 37.82429                      9.13088e+03           20.66314                 0.40970                    5.80937          
                   13000                                   3.54922e+04                                      0.00872                                             8.53419e+03                                          0.45767                                     1.00000e+03                                 35.28368                      8.50682e+03           21.15046                 0.41060                    5.80997          
                   14000                                   3.67891e+04                                      0.00760                                             7.99395e+03                                          0.39915                                     1.00000e+03                                 33.08103                      7.96611e+03           21.61268                 0.41142                    5.81056          
                   15000                                   3.79526e+04                                      0.00669                                             7.52108e+03                                          0.35143                                     1.00000e+03                                 31.15178                      7.49280e+03           22.05267                 0.41218                    5.81116          
                   16000                                   3.90435e+04                                      0.00594                                             7.10351e+03                                          0.31198                                     1.00000e+03                                 29.44701                      7.07481e+03           22.47282                 0.41289                    5.81177          
                   17000                                   4.00507e+04                                      0.00531                                             6.73189e+03                                          0.27897                                     1.00000e+03                                 27.92890                      6.70279e+03           22.87511                 0.41355                    5.81237          
                   18000                                   4.10143e+04                                      0.00478                                             6.39891e+03                                          0.25106                                     1.00000e+03                                 26.56776                      6.36942e+03           23.26126                 0.41417                    5.81298          
                   19000                                   4.19253e+04                                      0.00433                                             6.09872e+03                                          0.22725                                     1.00000e+03                                 25.33993                      6.06886e+03           23.63272                 0.41476                    5.81359          
                   20000                                   4.27717e+04                                      0.00394                                             5.82662e+03                                          0.20676                                     1.00000e+03                                 24.22633                      5.79640e+03           23.99074                 0.41531                    5.81421          
